-3.19 1
-3.18 2
-3.17 3
-3.11 4
-3.1 5
-3.07 4
-2.97 5
-2.96 7
-2.92 6
-2.89 8
-2.88 7
-2.87 8
-2.85 9
-2.82 8
-2.81 7
-2.8 8
-2.79 7
-2.78 6
-2.73 7
-2.7 6
-2.68 5
-2.67 6
-2.66 5
-2.65 4
-2.64 3
-2.62 5
-2.61 4
-2.6 1
-2.57 2
-2.56 3
-2.54 4
-2.53 5
-2.52 4
-2.51 3
-2.47 4
-2.44 5
-2.43 8
-2.41 7
-2.4 8
-2.36 9
-2.35 10
-2.34 11
-2.33 10
-2.32 12
-2.31 11
-2.3 12
-2.28 13
-2.26 14
-2.25 15
-2.24 12
-2.23 8
-2.22 7
-2.21 4
-2.2 3
-2.19 8
-2.18 7
-2.17 6
-2.16 7
-2.15 6
-2.11 5
-2.09 4
-2.08 6
-2.07 7
-2.05 6
-2.03 7
-2.02 6
-2.01 4
-1.98 3
-1.97 4
-1.96 5
-1.94 7
-1.93 6
-1.92 3
-1.91 1
-1.9 -1
-1.89 0
-1.88 -2
-1.85 5
-1.8 4
-1.79 3
-1.78 5
-1.77 6
-1.75 9
-1.73 4
-1.72 3
-1.7 1
-1.69 7
-1.68 8
-1.67 9
-1.65 11
-1.64 12
-1.63 13
-1.62 12
-1.61 14
-1.6 15
-1.58 11
-1.57 7
-1.56 6
-1.54 10
-1.53 8
-1.52 9
-1.51 12
-1.5 10
-1.49 11
-1.48 16
-1.47 13
-1.46 12
-1.45 11
-1.44 9
-1.42 7
-1.41 9
-1.4 7
-1.38 8
-1.36 13
-1.35 12
-1.34 11
-1.29 13
-1.28 14
-1.27 16
-1.26 11
-1.24 12
-1.23 8
-1.22 6
-1.2 7
-1.18 4
-1.17 8
-1.16 9
-1.15 8
-1.14 10
-1.13 13
-1.12 10
-1.11 8
-1.1 5
-1.09 7
-1.07 9
-1.06 10
-1.05 13
-1.03 10
-1.02 8
-1.01 3
-1 2
-0.99 3
-0.98 1
-0.97 -1
-0.96 2
-0.95 4
-0.94 6
-0.93 3
-0.92 2
-0.91 5
-0.9 9
-0.88 8
-0.87 10
-0.86 9
-0.85 6
-0.84 12
-0.83 10
-0.82 13
-0.81 15
-0.8 14
-0.79 13
-0.77 12
-0.75 16
-0.74 17
-0.72 22
-0.71 20
-0.69 22
-0.68 23
-0.67 20
-0.66 19
-0.64 20
-0.62 23
-0.61 27
-0.6 24
-0.59 28
-0.58 26
-0.57 24
-0.56 27
-0.55 25
-0.54 26
-0.51 27
-0.5 30
-0.49 29
-0.48 32
-0.47 35
-0.46 36
-0.45 39
-0.44 40
-0.43 41
-0.42 48
-0.41 50
-0.4 42
-0.39 49
-0.38 51
-0.37 59
-0.36 54
-0.35 50
-0.34 52
-0.33 48
-0.32 36
-0.31 31
-0.3 30
-0.29 29
-0.28 30
-0.27 25
-0.26 31
-0.25 30
-0.24 33
-0.23 32
-0.22 26
-0.21 25
-0.2 28
-0.19 30
-0.18 32
-0.17 29
-0.16 26
-0.15 28
-0.14 26
-0.13 24
-0.12 19
-0.1 22
-0.09 16
-0.08 7
-0.07 5
-0.06 -1
-0.05 0
-0.04 5
-0.03 12
-0.02 16
-0.01 15
0.01 6
0.02 4
0.03 -1
0.04 4
0.05 -6
0.06 -10
0.07 -6
0.08 -5
0.09 -11
0.11 -8
0.12 -14
0.13 -19
0.14 -20
0.15 -22
0.16 -21
0.17 -20
0.18 -16
0.21 -17
0.22 -15
0.23 -20
0.24 -26
0.25 -32
0.26 -31
0.27 -37
0.28 -36
0.29 -35
0.3 -27
0.31 -28
0.32 -22
0.33 -26
0.34 -27
0.35 -38
0.36 -49
0.37 -53
0.38 -45
0.39 -43
0.4 -37
0.41 -31
0.42 -28
0.43 -32
0.44 -27
0.45 -25
0.46 -26
0.47 -30
0.48 -35
0.49 -37
0.5 -34
0.52 -25
0.53 -32
0.54 -36
0.56 -42
0.57 -37
0.58 -40
0.59 -45
0.63 -40
0.64 -37
0.65 -40
0.66 -46
0.68 -39
0.69 -48
0.7 -46
0.72 -50
0.73 -55
0.75 -60
0.76 -56
0.77 -48
0.78 -50
0.79 -49
0.8 -47
0.81 -56
0.83 -54
0.84 -51
0.85 -47
0.86 -46
0.88 -49
0.89 -47
0.9 -49
0.91 -47
0.92 -52
0.94 -53
0.95 -58
0.96 -56
0.97 -57
0.99 -63
1 -60
1.01 -58
1.02 -61
1.03 -57
1.04 -61
1.05 -58
1.06 -60
1.08 -58
1.09 -57
1.1 -58
1.11 -55
1.12 -60
1.14 -57
1.15 -53
1.16 -49
1.17 -47
1.18 -48
1.2 -46
1.21 -48
1.22 -47
1.23 -44
1.25 -43
1.26 -40
1.27 -38
1.28 -37
1.29 -39
1.3 -32
1.32 -33
1.33 -30
1.34 -31
1.35 -35
1.36 -38
1.37 -39
1.38 -41
1.39 -36
1.4 -31
1.41 -32
1.42 -27
1.44 -26
1.45 -23
1.46 -22
1.48 -24
1.49 -22
1.5 -25
1.51 -24
1.53 -25
1.55 -19
1.56 -18
1.57 -19
1.58 -17
1.59 -16
1.61 -14
1.62 -16
1.63 -12
1.64 -14
1.65 -13
1.66 -15
1.68 -12
1.69 -11
1.72 -10
1.73 -9
1.74 -10
1.75 -11
1.76 -14
1.77 -9
1.78 -8
1.79 -7
1.81 -6
1.82 -5
1.83 -4
1.84 -8
1.87 -7
1.89 -8
1.9 -9
1.91 -8
1.92 -6
1.93 -5
1.94 -3
1.96 0
1.98 1
1.99 -1
2 0
2.01 -2
2.02 -5
2.03 -8
2.04 -9
2.05 -11
2.06 -12
2.07 -10
2.11 -12
2.12 -10
2.13 -11
2.14 -15
2.17 -16
2.18 -15
2.19 -14
2.2 -12
2.21 -10
2.23 -8
2.27 -7
2.28 -5
2.32 -4
2.37 -6
2.41 -7
2.49 -8
2.5 -7
2.51 -6
2.52 -7
2.53 -8
2.58 -7
2.61 -6
2.63 -5
2.64 -7
2.65 -6
2.66 -7
2.67 -6
2.69 -7
2.71 -6
2.76 -5
2.79 -4
2.82 -3
2.83 -2
2.91 -1
2.93 0
3.12 1
